55.5653 
55.053 
54.7273 
54.0275 
53.5237 
52.828 
52.3132 
52.175 
51.4744 
50.9684 
50.4588 
49.945 
49.4344 
48.9227 
48.4121 
47.9033 
47.3928 
46.8813 
46.371 
45.8596 
45.3512 
44.8408 
44.3298 
43.8196 
43.3078 
42.7986 
42.2871 
41.7774 
41.2551 
40.3747 
40.0675 
39.3761 
38.8697 
38.3617 
37.8527 
37.3451 
36.8382 
36.3308 
35.8223 
35.3153 
34.8063 
34.2997 
33.7957 
33.2893 
32.7821 
32.2763 
31.7695 
31.2642 
30.7607 
30.2557 
29.75 
29.2458 
28.7408 
28.2371 
27.7369 
27.2338 
26.7288 
26.2267 
25.7239 
25.2227 
24.7254 
24.2242 
23.7235 
23.2235 
22.724 
22.228 
21.7326 
21.2353 
20.7387 
20.2432 
19.7481 
19.2586 
18.7672 
18.2731 
17.7828 
17.2914 
16.8049 
16.3225 
15.8371 
15.3529 
14.8705 
14.3901 
13.914 
13.4404 
12.7193 
12.2463 
11.7749 
11.2991 
10.8342 
10.3804 
9.66931 
9.21313 
8.76184 
8.31569 
7.62117 
7.19786 
7.02581 
6.59397 
6.68674 
6.83836 
