55.5653 
55.5152 
55.4651 
55.4151 
55.3652 
55.315 
55.2647 
55.215 
55.165 
55.115 
55.042 
54.9921 
54.9423 
54.9154 
54.8658 
54.793 
54.7433 
54.7163 
54.6665 
54.5938 
54.544 
54.5171 
54.4672 
54.3943 
54.3442 
54.3171 
54.2671 
54.1944 
54.1673 
54.0943 
54.0672 
53.9942 
53.9671 
53.9169 
53.844 
53.817 
53.7669 
53.7169 
53.6441 
53.5714 
53.5445 
53.4946 
53.4218 
53.395 
53.3225 
53.2728 
53.2229 
53.1731 
53.1234 
53.0737 
53.0239 
52.9742 
52.9244 
52.8743 
52.8244 
52.7743 
52.7244 
52.6744 
52.6244 
52.5744 
52.5243 
52.4743 
52.4243 
52.3745 
52.3245 
52.2744 
52.2245 
52.1746 
52.1247 
52.0749 
52.0251 
51.975 
51.9252 
51.8755 
51.8257 
51.7757 
51.7028 
51.6761 
51.6033 
51.5765 
51.5265 
51.4537 
51.4039 
51.354 
51.304 
51.2539 
51.204 
51.1542 
51.1042 
51.0541 
50.9816 
50.9317 
50.9044 
50.8319 
50.782 
50.7322 
50.6824 
50.6553 
50.5829 
50.5331 
50.4834 
50.4563 
50.4066 
50.3569 
50.3072 
50.2348 
50.1849 
50.1354 
50.0856 
50.0359 
49.986 
49.9364 
49.8633 
49.8359 
49.7635 
49.7362 
49.6638 
49.614 
49.5641 
49.5141 
49.5099 
49.4142 
49.387 
49.3146 
49.2648 
49.215 
49.1884 
49.1154 
49.0887 
49.0383 
48.9661 
48.9388 
48.8893 
48.8168 
48.7897 
48.74 
48.6681 
48.6185 
48.5687 
48.5192 
48.4919 
48.4197 
48.3701 
48.3203 
48.2705 
48.2207 
48.1709 
48.1211 
48.0713 
48.0214 
47.9717 
47.9219 
47.872 
47.8223 
47.7725 
47.6994 
47.6735 
47.6237 
47.5741 
47.5245 
47.4517 
47.4257 
47.3528 
47.3032 
47.2537 
47.2042 
47.1548 
47.1052 
47.0555 
47.0059 
46.9563 
46.9066 
46.857 
46.8072 
46.7575 
46.7077 
46.658 
46.6083 
46.5582 
46.5084 
46.4586 
46.4089 
46.3591 
46.3095 
46.2364 
46.1869 
46.1373 
46.0876 
46.0381 
45.9886 
45.9391 
45.8896 
45.8401 
45.7905 
45.741 
45.6914 
45.6417 
45.5921 
45.5427 
45.4931 
45.4433 
45.3935 
45.344 
45.2944 
45.2448 
45.1953 
45.1458 
45.0729 
45.0235 
44.9742 
44.9248 
44.8755 
44.8262 
44.777 
44.7279 
44.6787 
44.6297 
44.5805 
44.531 
44.4817 
44.4319 
44.3822 
44.3325 
44.2826 
44.2327 
44.1592 
44.1108 
44.0376 
44.012 
43.9397 
43.8916 
43.8675 
43.7971 
43.7518 
43.7037 
43.6567 
43.5869 
43.5605 
43.4882 
43.4591 
43.406 
43.3503 
43.3145 
43.2552 
43.1945 
43.1336 
43.0731 
43.0136 
42.9561 
42.901 
42.8491 
42.7773 
42.7336 
42.6711 
42.6569 
42.5985 
42.5393 
42.4807 
42.4426 
42.4017 
42.335 
42.2858 
42.231 
42.1711 
42.1074 
42.0644 
41.9936 
41.9457 
41.8992 
41.8523 
41.8086 
41.7683 
41.6839 
41.6282 
41.5998 
41.5507 
41.5045 
41.4606 
41.3702 
41.327 
41.2831 
41.2378 
41.1908 
41.141 
41.0883 
41.0562 
40.9972 
40.9365 
40.8979 
40.8343 
40.7945 
40.7315 
40.6695 
40.6329 
40.574 
40.5415 
40.4873 
40.4358 
40.386 
40.3377 
40.2666 
40.2199 
40.1742 
40.1282 
40.0816 
40.035 
39.964 
39.9164 
39.8682 
39.8192 
39.77 
39.721 
39.6711 
39.6217 
39.5722 
39.5226 
39.4732 
39.425 
39.3519 
39.3032 
39.2531 
39.2051 
39.1567 
39.1073 
39.0583 
39.008 
38.959 
38.9107 
38.8612 
38.8125 
38.7635 
38.7148 
38.6666 
38.5937 
38.5467 
38.4766 
38.4537 
38.3866 
38.3162 
38.2704 
38.2241 
38.1767 
38.1288 
38.0793 
38.0267 
37.972 
37.9156 
37.8823 
37.8455 
37.7821 
37.7207 
37.6844 
37.6463 
37.561 
37.5273 
37.4704 
37.4379 
37.388 
37.3383 
37.2646 
37.2443 
37.1982 
37.1507 
37.0563 
37.0342 
36.9644 
36.9428 
36.8717 
36.8472 
36.7992 
36.7528 
36.7042 
36.6533 
36.5808 
36.5344 
36.4874 
36.4431 
36.3975 
36.3511 
36.2809 
36.2347 
36.1889 
36.1431 
36.0926 
36.0441 
35.9896 
35.9371 
35.8803 
35.82 
35.784 
35.7234 
35.6885 
35.6253 
35.5651 
35.5288 
35.4707 
35.413 
35.3601 
35.3308 
35.2567 
35.2314 
35.1597 
35.1158 
35.0733 
35.0079 
34.9699 
34.9101 
34.8506 
34.8186 
34.7624 
34.706 
34.6768 
34.6163 
34.5602 
34.5245 
34.4601 
34.4187 
34.3487 
34.3013 
34.2523 
34.2015 
34.1493 
34.102 
34.0517 
34.0061 
33.9637 
33.8995 
33.8407 
33.8109 
33.7361 
33.6627 
33.617 
33.5743 
33.5581 
33.4686 
33.4299 
33.3671 
33.3549 
33.2668 
33.2539 
33.1642 
33.149 
33.0559 
33.0114 
32.9632 
32.9126 
32.8715 
32.8337 
32.7632 
32.7204 
32.6611 
32.6039 
32.5557 
32.5344 
32.4665 
32.4461 
32.385 
32.3435 
32.2791 
32.2331 
32.1624 
32.14 
32.0877 
32.0302 
31.9645 
31.9193 
31.8615 
31.824 
31.7666 
31.7067 
31.6636 
31.6197 
31.551 
31.5074 
31.4825 
31.4116 
31.3645 
31.2971 
31.2526 
31.1882 
31.1777 
31.0925 
31.0626 
30.9864 
30.9654 
30.9215 
30.8583 
30.7952 
30.7834 
30.7174 
30.6527 
30.6104 
30.5809 
30.5241 
30.464 
30.4202 
30.3699 
30.3149 
30.2697 
30.1995 
30.1572 
30.089 
30.0395 
29.9874 
29.9412 
29.8716 
29.8309 
29.7681 
29.7511 
29.6834 
29.6489 
29.5879 
29.5353 
29.4597 
29.4421 
29.3753 
29.3414 
29.2572 
29.2175 
29.1777 
29.1337 
29.0633 
29.0231 
28.9552 
28.9089 
28.8602 
28.8169 
28.7499 
28.7164 
28.6556 
28.6159 
28.5497 
28.54 
28.4805 
28.4215 
28.3602 
28.3308 
28.2489 
28.2055 
28.1641 
28.092 
28.0745 
28.0078 
27.9694 
27.9017 
27.8635 
27.8057 
27.7491 
27.7078 
27.6656 
27.601 
27.5599 
27.487 
27.4583 
27.3944 
27.3521 
27.2853 
27.2473 
27.1872 
27.1556 
27.0933 
27.0584 
26.9952 
26.9369 
26.8817 
26.8559 
26.7738 
26.7458 
26.6915 
26.6392 
26.589 
26.5371 
26.4941 
26.4484 
26.3943 
26.337 
26.279 
26.2184 
26.1998 
26.1269 
26.096 
26.0396 
25.9724 
25.9337 
25.8764 
25.8198 
25.7673 
25.7167 
25.6666 
25.6167 
25.5636 
25.5112 
25.4749 
25.4113 
25.371 
25.3273 
25.2603 
25.2169 
25.1714 
25.1224 
25.0794 
25.0108 
24.9948 
24.9311 
24.8923 
24.8314 
24.7982 
24.7196 
24.6841 
24.6271 
24.5988 
24.5232 
24.4697 
24.4452 
24.3897 
24.3344 
24.2756 
24.2194 
24.1897 
24.1381 
24.0861 
24.0325 
23.9959 
23.9341 
23.8702 
23.8305 
23.7762 
23.7182 
23.7038 
23.6397 
23.5653 
23.5377 
23.4562 
23.4257 
23.3584 
23.3212 
23.2634 
23.2098 
23.1587 
23.1096 
23.0577 
23.0066 
22.9547 
22.9284 
22.871 
22.8111 
22.7448 
22.7036 
22.6514 
22.5981 
22.548 
22.4979 
22.449 
22.4001 
22.346 
22.3175 
22.2628 
22.2343 
22.1976 
22.1353 
22.0904 
22.0222 
21.9896 
21.9543 
21.8982 
21.8417 
21.779 
21.7421 
21.6741 
21.6322 
21.5801 
21.5283 
21.4795 
21.4306 
21.3758 
21.3204 
21.2781 
21.2334 
21.1865 
21.1116 
21.0686 
21.0535 
20.964 
20.9256 
20.8887 
20.8267 
20.7988 
20.7221 
20.7102 
20.647 
20.6067 
20.5383 
20.506 
20.4456 
20.4082 
20.3199 
20.3198 
20.2426 
20.222 
20.1246 
20.114 
20.0275 
20.0164 
19.9544 
19.9112 
19.8929 
19.8184 
19.7695 
19.7193 
19.669 
19.6101 
19.5512 
19.5211 
19.465 
19.3963 
19.3529 
19.3234 
19.2676 
19.2135 
19.1585 
19.1165 
19.0737 
18.9937 
18.9896 
18.9106 
18.9075 
18.7892 
18.7985 
18.6934 
18.6901 
18.6111 
18.6092 
18.5525 
18.4954 
18.4555 
18.3905 
18.3453 
18.2996 
18.2525 
18.2048 
18.1309 
18.0824 
18.0516 
17.9948 
17.9571 
17.9196 
17.8485 
17.7782 
17.7317 
17.6855 
17.6377 
17.6155 
17.5348 
17.5307 
17.4274 
17.4259 
17.3709 
17.341 
17.2519 
17.2391 
17.1867 
17.1331 
17.0838 
17.0341 
16.9933 
16.953 
16.8781 
16.828 
16.7922 
16.7312 
16.6897 
16.6235 
16.6035 
16.5326 
16.4983 
16.4138 
16.3625 
16.3369 
16.2981 
16.2594 
16.227 
16.1439 
16.1243 
16.0284 
16.012 
15.9447 
15.9104 
15.876 
15.8271 
15.7779 
15.7252 
15.6724 
15.6183 
15.5643 
15.5056 
15.4721 
15.4133 
15.3544 
15.3024 
15.2504 
15.2211 
15.1664 
15.1011 
15.0616 
15.006 
14.9508 
14.9241 
14.8699 
14.8025 
14.7651 
14.6994 
14.6569 
14.6159 
14.55 
14.5381 
14.475 
14.4294 
14.3837 
14.3483 
14.2872 
14.2479 
14.1856 
14.1341 
14.0818 
14.0602 
14.039 
13.9879 
14.0115 
14.0375 
14.0632 
14.0719 
14.0779 
14.0925 
14.1322 
14.12 
14.1303 
14.1724 
14.1855 
14.2242 
14.1593 
14.2211 
14.2836 
14.259 
14.2354 
14.2847 
14.3625 
14.3417 
14.2759 
14.3774 
14.4328 
14.4018 
14.3759 
14.4335 
14.4673 
14.4906 
14.462 
14.5059 
14.5725 
14.5244 
14.5211 
14.5851 
14.622 
14.6043 
14.6079 
14.6381 
14.6915 
14.7202 
14.6979 
14.7508 
14.8062 
14.7828 
14.7865 
14.7957 
14.8315 
14.8965 
14.9114 
14.9639 
14.9143 
14.9586 
15.0039 
14.9819 
15.0356 
15.0524 
15.0947 
15.0871 
15.1296 
15.1695 
15.2095 
15.1854 
15.2135 
15.272 
15.3038 
15.3175 
15.3055 
15.3796 
15.429 
15.4289 
15.4037 
15.4689 
15.5328 
15.5074 
15.5088 
15.5824 
15.655 
15.6098 
15.6146 
15.6784 
15.7676 
15.7312 
15.7467 
15.7876 
15.8783 
15.8607 
15.8436 
15.9311 
16.0187 
15.9619 
15.9813 
16.0613 
16.1668 
16.1186 
16.0714 
16.1712 
16.2971 
16.2306 
16.1896 
16.3336 
16.4269 
16.3817 
16.3376 
16.4459 
16.5792 
16.5109 
16.4426 
16.5736 
16.7295 
16.6528 
16.5766 
16.7386 
16.8751 
16.8016 
16.7286 
16.9046 
17.0299 
16.9635 
16.8972 
17.066 
17.2087 
17.127 
17.0699 
17.181 
17.3446 
17.2962 
17.2217 
17.3964 
17.5456 
17.4663 
17.386 
17.5328 
17.731 
17.624 
17.5171 
17.7361 
17.9554 
17.8056 
17.6822 
17.9277 
18.199 
17.9932 
17.7876 
18.1003 
18.4135 
18.1774 
17.9416 
18.2734 
18.6818 
18.3317 
18.0319 
18.4923 
19.0026 
18.5327 
18.0875 
18.7577 
19.377 
18.7455 
18.1393 
18.9404 
19.7421 
18.9537 
18.1394 
19.2053 
20.2451 
19.1506 
18.0564 
19.4473 
20.8371 
19.3251 
17.8394 
19.7054 
21.5978 
