55.565300 
55.479533 
55.403945 
55.337621 
55.279642 
55.229090 
55.185047 
55.146597 
55.112822 
55.082803 
55.055623 
55.030365 
55.006111 
54.981943 
54.956944 
54.930196 
54.900781 
54.867782 
54.830281 
54.787360 
54.738102 
54.681779 
54.619076 
54.551312 
54.479813 
54.405902 
54.330902 
54.256139 
54.182935 
54.112615 
54.046503 
53.985787 
53.930256 
53.878860 
53.830540 
53.784238 
53.738894 
53.693450 
53.646845 
53.598022 
53.545921 
53.489544 
53.428810 
53.364356 
53.296834 
53.226900 
53.155206 
53.082408 
53.009159 
52.936114 
52.863925 
52.793248 
52.724714 
52.658939 
52.596536 
52.538118 
52.484298 
52.435689 
52.392905 
52.356559 
52.327264 
52.305607 
52.291114 
52.281915 
52.276042 
52.271526 
52.266401 
52.258698 
52.246451 
52.227691 
52.200450 
52.162778 
52.114012 
52.055723 
51.989700 
51.917734 
51.841616 
51.763137 
51.684087 
51.606257 
51.531437 
51.461415 
51.397263 
51.338420 
51.284099 
51.233511 
51.185868 
51.140384 
51.096270 
51.052738 
51.009002 
50.964272 
50.917977 
50.870197 
50.821141 
50.771013 
50.720021 
50.668372 
50.616271 
50.563925 
50.511541 
50.459326 
50.407445 
50.355899 
50.304648 
50.253648 
50.202858 
50.152237 
50.101742 
50.051331 
50.000964 
49.950598 
49.900196 
49.849753 
49.799271 
49.748755 
49.698208 
49.647634 
49.597037 
49.546420 
49.495788 
49.445144 
49.394491 
49.343833 
49.293170 
49.242504 
49.191838 
49.141173 
49.090510 
49.039852 
48.989200 
48.938556 
48.887922 
48.837299 
48.786691 
48.736098 
48.685522 
48.634967 
48.584434 
48.533925 
48.483442 
48.432987 
48.382562 
48.332165 
48.281789 
48.231429 
48.181079 
48.130733 
48.080385 
48.030029 
47.979658 
47.929268 
47.878852 
47.828408 
47.777937 
47.727441 
47.676920 
47.626376 
47.575811 
47.525226 
47.474621 
47.423999 
47.373361 
47.322710 
47.272049 
47.221385 
47.170720 
47.120061 
47.069411 
47.018776 
46.968159 
46.917567 
46.867002 
46.816466 
46.765953 
46.715455 
46.664965 
46.614476 
46.563982 
46.513474 
46.462945 
46.412389 
46.361799 
46.311171 
46.260516 
46.209843 
46.159163 
46.108486 
46.057824 
46.007185 
45.956582 
45.906024 
45.855521 
45.805081 
45.754694 
45.704350 
45.654038 
45.603746 
45.553464 
45.503182 
45.452887 
45.402569 
45.352218 
45.301824 
45.251388 
45.200917 
45.150412 
45.099879 
45.049322 
44.998745 
44.948152 
44.897547 
44.846935 
44.796319 
44.745703 
44.695088 
44.644477 
44.593873 
44.543277 
44.492692 
44.442121 
44.391565 
44.341028 
44.290510 
44.240009 
44.189520 
44.139036 
44.088553 
44.038064 
43.987565 
43.937050 
43.886514 
43.835950 
43.785355 
43.734729 
43.684079 
43.633409 
43.582725 
43.532033 
43.481338 
43.430646 
43.379961 
43.329291 
43.278640 
43.228015 
43.177424 
43.126875 
43.076375 
43.025933 
42.975556 
42.925252 
42.875029 
42.824895 
42.774856 
42.724885 
42.674918 
42.624890 
42.574736 
42.524390 
42.473786 
42.422860 
42.371547 
42.319780 
42.267497 
42.214773 
42.161870 
42.109066 
42.056639 
42.004867 
41.954025 
41.904393 
41.856247 
41.809866 
41.765521 
41.723021 
41.681329 
41.639315 
41.595852 
41.549811 
41.500063 
41.445481 
41.384935 
41.317298 
41.241443 
41.157134 
41.066277 
40.971096 
40.873817 
40.776664 
40.681861 
40.591634 
40.508207 
40.433804 
40.370651 
40.320037 
40.280224 
40.248866 
40.223613 
40.202117 
40.182030 
40.161003 
40.136688 
40.106736 
40.068799 
40.021128 
39.964600 
39.900809 
39.831350 
39.757819 
39.681812 
39.604922 
39.528746 
39.454878 
39.384913 
39.320195 
39.260559 
39.205290 
39.153667 
39.104973 
39.058489 
39.013497 
38.969278 
38.925114 
38.880286 
38.834145 
38.786604 
38.737854 
38.688087 
38.637496 
38.586273 
38.534611 
38.482702 
38.430738 
38.378912 
38.327404 
38.276256 
38.225424 
38.174859 
38.124514 
38.074341 
38.024293 
37.974321 
37.924379 
37.874418 
37.824393 
37.774289 
37.724118 
37.673890 
37.623619 
37.573315 
37.522992 
37.472661 
37.422334 
37.372023 
37.321740 
37.271489 
37.221266 
37.171066 
37.120886 
37.070720 
37.020565 
36.970416 
36.920268 
36.870117 
36.819960 
36.769792 
36.719612 
36.669418 
36.619211 
36.568987 
36.518746 
36.468486 
36.418206 
36.367905 
36.317581 
36.267236 
36.216875 
36.166505 
36.116131 
36.065761 
36.015400 
35.965055 
35.914733 
35.864439 
35.814180 
35.763958 
35.713766 
35.663596 
35.613437 
35.563282 
35.513122 
35.462948 
35.412751 
35.362522 
35.312252 
35.261937 
35.211581 
35.161195 
35.110786 
35.060362 
35.009934 
34.959508 
34.909094 
34.858700 
34.808334 
34.758005 
34.707713 
34.657460 
34.607244 
34.557067 
34.506929 
34.456829 
34.406769 
34.356747 
34.306765 
34.256822 
34.206911 
34.157024 
34.107154 
34.057292 
34.007429 
33.957558 
33.907671 
33.857759 
33.807814 
33.757828 
33.707803 
33.657740 
33.607644 
33.557517 
33.507364 
33.457187 
33.406991 
33.356778 
33.306552 
33.256316 
33.206075 
33.155831 
33.105589 
33.055353 
33.005125 
32.954911 
32.904713 
32.854535 
32.804382 
32.754256 
32.704156 
32.654078 
32.604014 
32.553960 
32.503910 
32.453857 
32.403798 
32.353725 
32.303633 
32.253517 
32.203375 
32.153214 
32.103036 
32.052848 
32.002655 
31.952460 
31.902270 
31.852089 
31.801922 
31.751773 
31.701647 
31.651544 
31.601463 
31.551407 
31.501375 
31.451369 
31.401387 
31.351432 
31.301503 
31.251601 
31.201725 
31.151870 
31.102030 
31.052200 
31.002376 
30.952551 
30.902720 
30.852878 
30.803020 
30.753141 
30.703236 
30.653307 
30.603355 
30.553381 
30.503388 
30.453376 
30.403347 
30.353302 
30.303243 
30.253171 
30.203088 
30.152999 
30.102906 
30.052815 
30.002729 
29.952653 
29.902590 
29.852545 
29.802522 
29.752524 
29.702556 
29.652613 
29.602690 
29.552782 
29.502884 
29.452992 
29.403098 
29.353200 
29.303291 
29.253366 
29.203421 
29.153458 
29.103478 
29.053485 
29.003483 
28.953473 
28.903460 
28.853445 
28.803434 
28.753427 
28.703428 
28.653443 
28.603476 
28.553532 
28.503617 
28.453736 
28.403894 
28.354096 
28.304348 
28.254654 
28.205020 
28.155441 
28.105905 
28.056401 
28.006918 
27.957446 
27.907973 
27.858487 
27.808978 
27.759434 
27.709845 
27.660207 
27.610521 
27.560790 
27.511016 
27.461200 
27.411346 
27.361454 
27.311528 
27.261568 
27.211579 
27.161564 
27.111531 
27.061490 
27.011450 
26.961417 
26.911402 
26.861412 
26.811457 
26.761544 
26.711682 
26.661873 
26.612111 
26.562385 
26.512688 
26.463012 
26.413349 
26.363689 
26.314025 
26.264348 
26.214650 
26.164926 
26.115180 
26.065415 
26.015635 
25.965844 
25.916046 
25.866245 
25.816444 
25.766648 
25.716860 
25.667085 
25.617328 
25.567597 
25.517896 
25.468234 
25.418615 
25.369047 
25.319535 
25.270086 
25.220706 
25.171398 
25.122148 
25.072941 
25.023762 
24.974595 
24.925425 
24.876235 
24.827010 
24.777735 
24.728393 
24.678973 
24.629481 
24.579926 
24.530321 
24.480676 
24.431001 
24.381308 
24.331608 
24.281911 
24.232228 
24.182568 
24.132934 
24.083322 
24.033731 
23.984159 
23.934603 
23.885061 
23.835532 
23.786013 
23.736502 
23.686997 
23.637496 
23.587999 
23.538504 
23.489009 
23.439514 
23.390017 
23.340518 
23.291014 
23.241505 
23.191989 
23.142471 
23.092955 
23.043447 
22.993953 
22.944480 
22.895033 
22.845618 
22.796240 
22.746906 
22.697622 
22.648387 
22.599196 
22.550046 
22.500932 
22.451847 
22.402789 
22.353751 
22.304730 
22.255720 
22.206716 
22.157715 
22.108712 
22.059705 
22.010689 
21.961661 
21.912618 
21.863555 
21.814469 
21.765358 
21.716216 
21.667044 
21.617845 
21.568625 
21.519388 
21.470138 
21.420881 
21.371619 
21.322359 
21.273105 
21.223861 
21.174630 
21.125414 
21.076212 
21.027026 
20.977855 
20.928701 
20.879563 
20.830443 
20.781340 
20.732256 
20.683189 
20.634135 
20.585092 
20.536054 
20.487018 
20.437978 
20.388932 
20.339876 
20.290803 
20.241712 
20.192600 
20.143477 
20.094356 
20.045247 
19.996164 
19.947118 
19.898121 
19.849185 
19.800323 
19.751545 
19.702862 
19.654264 
19.605738 
19.557270 
19.508846 
19.460453 
19.412077 
19.363705 
19.315322 
19.266916 
19.218473 
19.169989 
19.121464 
19.072895 
19.024283 
18.975627 
18.926924 
18.878174 
18.829377 
18.780530 
18.731635 
18.682699 
18.633735 
18.584757 
18.535777 
18.486809 
18.437866 
18.388961 
18.340106 
18.291316 
18.242601 
18.193960 
18.145379 
18.096845 
18.048343 
17.999861 
17.951386 
17.902902 
17.854398 
17.805860 
17.757274 
17.708640 
17.659971 
17.611280 
17.562577 
17.513876 
17.465189 
17.416529 
17.367907 
17.319337 
17.270830 
17.222392 
17.174024 
17.125724 
17.077491 
17.029324 
16.981222 
16.933183 
16.885207 
16.837293 
16.789439 
16.741639 
16.693883 
16.646157 
16.598449 
16.550745 
16.503034 
16.455302 
16.407537 
16.359726 
16.311857 
16.263923 
16.215934 
16.167899 
16.119830 
16.071737 
16.023630 
15.975520 
15.927418 
15.879333 
15.831277 
15.783256 
15.735267 
15.687306 
15.639367 
15.591446 
15.543537 
15.495636 
15.447738 
15.399839 
15.351932 
15.304017 
15.256103 
15.208203 
15.160328 
15.112493 
15.064708 
15.016987 
14.969342 
14.921786 
14.874330 
14.826981 
14.779705 
14.732460 
14.685201 
14.637885 
14.590468 
14.542905 
14.495154 
14.447169 
14.398908 
14.350346 
14.301601 
14.252847 
14.204262 
14.156021 
14.108302 
14.061280 
14.015132 
13.970033 
13.926161 
13.883640 
13.842086 
13.800831 
13.759202 
13.716529 
13.672138 
13.625359 
13.575518 
13.521944 
13.463966 
13.400978 
13.333323 
13.262039 
13.188183 
13.112812 
13.036980 
12.961743 
12.888159 
12.817283 
12.750170 
12.687838 
12.630461 
12.577406 
12.528006 
12.481594 
12.437503 
12.395068 
12.353620 
12.312494 
12.271023 
12.228551 
12.184776 
12.139848 
12.093941 
12.047232 
11.999896 
11.952108 
11.904045 
11.855882 
11.807795 
11.759957 
11.712457 
11.665235 
11.618221 
11.571344 
11.524533 
11.477718 
11.430826 
11.383788 
11.336532 
11.288988 
11.241162 
11.193231 
11.145392 
11.097842 
11.050778 
11.004397 
10.958896 
10.914473 
10.871324 
10.829648 
10.789432 
10.750067 
10.710837 
10.671024 
10.629912 
10.586784 
10.540924 
10.491615 
10.438141 
10.379784 
10.316141 
10.248024 
10.176541 
10.102798 
10.027903 
9.952961 
9.879081 
9.807369 
9.738932 
9.674878 
9.616082 
9.562213 
9.512541 
9.466338 
9.422873 
9.381418 
9.341243 
9.301619 
9.261817 
9.221108 
9.178857 
9.135117 
9.090241 
9.044584 
8.998501 
8.952346 
8.906474 
8.861239 
8.816996 
8.774099 
8.732843 
8.692900 
8.653589 
8.614221 
8.574109 
8.532566 
8.488903 
8.442432 
8.392467 
8.338320 
8.279362 
8.215837 
8.148649 
8.078718 
8.006964 
7.934307 
7.861668 
7.789966 
7.720121 
7.653054 
7.589666 
7.530429 
7.475393 
7.424591 
7.378055 
7.335816 
7.297907 
7.264360 
7.235206 
7.210479 
7.190196 
7.173878 
7.160401 
7.148603 
7.137317 
7.125379 
7.111626 
7.094892 
7.074012 
7.047822 
7.015172 
6.975894 
6.931481 
6.883585 
6.833855 
6.783944 
6.735501 
6.690178 
6.649625 
6.615495 
6.589433 
6.572371 
6.563650 
6.562398 
6.567741 
6.578809 
6.594727 
6.614625 
6.637628 
6.662865 
6.689463 
6.716550 
6.743253 
6.768700 
6.792018 
6.812334 
6.828777 
6.840474 
6.846551 
6.846137 
6.838360 
