55.565300 
55.515250 
55.465200 
55.415250 
55.365400 
55.315252 
55.264998 
55.215356 
55.165369 
55.115581 
55.042638 
54.992643 
54.942752 
54.915803 
54.866738 
54.794007 
54.743826 
54.716851 
54.667700 
54.595079 
54.544659 
54.517778 
54.468669 
54.395853 
54.345009 
54.317870 
54.268988 
54.195619 
54.168696 
54.095807 
54.068594 
53.996010 
53.967885 
53.919315 
53.845696 
53.818105 
53.768800 
53.719033 
53.647236 
53.573302 
53.545559 
53.497592 
53.423771 
53.396879 
53.325597 
53.274791 
53.225264 
53.175419 
53.125790 
53.076137 
53.026389 
52.976734 
52.926999 
52.876951 
52.827099 
52.777052 
52.727195 
52.677252 
52.627299 
52.577354 
52.527304 
52.477351 
52.427394 
52.377640 
52.327707 
52.277651 
52.227791 
52.177944 
52.128091 
52.078333 
52.028596 
51.978558 
51.928754 
51.879221 
51.829049 
51.780749 
51.706539 
51.679549 
51.607981 
51.578410 
51.531982 
51.458938 
51.407662 
51.358233 
51.308181 
51.258165 
51.208263 
51.158608 
51.108346 
51.059539 
50.987938 
50.934445 
50.908691 
50.838480 
50.786069 
50.737461 
50.685667 
50.659713 
50.589754 
50.537791 
50.487329 
50.459573 
50.412217 
50.361566 
50.313638 
50.241791 
50.189700 
50.140840 
50.090909 
50.041464 
49.990994 
49.943718 
49.869069 
49.840874 
49.770082 
49.740614 
49.672317 
49.618858 
49.571159 
49.516351 
49.515028 
49.423748 
49.391013 
49.323628 
49.270683 
49.219495 
49.194223 
49.123218 
49.091622 
49.047381 
48.973245 
48.942027 
48.898442 
48.824156 
48.793080 
48.748949 
48.677004 
48.624614 
48.576226 
48.524105 
48.497994 
48.429789 
48.376334 
48.327647 
48.277610 
48.227937 
48.178167 
48.128419 
48.078680 
48.028822 
47.979164 
47.929392 
47.879728 
47.829325 
47.782347 
47.708210 
47.677549 
47.632642 
47.581047 
47.534795 
47.460308 
47.431676 
47.364819 
47.310230 
47.262100 
47.212283 
47.163028 
47.113491 
47.063847 
47.014277 
46.964742 
46.915091 
46.865542 
46.815814 
46.766151 
46.716415 
46.666735 
46.617129 
46.567107 
46.517315 
46.467521 
46.418039 
46.367639 
46.320501 
46.249029 
46.195152 
46.146784 
46.096817 
46.047417 
45.997952 
45.948506 
45.899052 
45.849613 
45.800068 
45.750604 
45.701084 
45.651441 
45.601851 
45.552486 
45.502990 
45.453271 
45.403484 
45.354006 
45.304437 
45.255057 
45.204894 
45.158060 
45.087162 
45.032735 
44.984787 
44.935096 
44.885919 
44.836643 
44.787467 
44.738416 
44.689266 
44.640282 
44.591214 
44.541776 
44.492521 
44.442883 
44.393124 
44.343723 
44.293088 
44.246294 
44.173997 
44.123553 
44.051011 
44.019372 
43.957611 
43.898266 
43.876504 
43.813403 
43.761284 
43.714620 
43.670440 
43.599912 
43.569178 
43.504119 
43.465283 
43.421077 
43.361430 
43.324186 
43.270869 
43.209078 
43.148575 
43.087914 
43.028100 
42.970331 
42.913781 
42.864254 
42.793323 
42.745863 
42.683470 
42.661527 
42.615914 
42.554151 
42.494434 
42.451069 
42.415067 
42.351909 
42.297984 
42.246042 
42.187860 
42.122031 
42.077480 
42.012179 
41.956931 
41.911992 
41.864946 
41.818954 
41.783014 
41.707348 
41.638919 
41.608422 
41.565533 
41.515352 
41.477498 
41.393745 
41.336256 
41.296263 
41.250517 
41.204181 
41.156013 
41.101198 
41.066271 
41.016468 
40.951079 
40.910686 
40.851794 
40.806169 
40.752061 
40.684391 
40.645003 
40.590101 
40.551209 
40.504661 
40.450606 
40.400139 
40.354445 
40.287142 
40.232311 
40.188336 
40.142284 
40.095144 
40.051726 
39.985067 
39.929477 
39.883558 
39.834288 
39.785244 
39.736307 
39.686675 
39.637141 
39.587715 
39.538423 
39.487997 
39.442843 
39.374441 
39.317202 
39.269488 
39.220256 
39.172478 
39.123218 
39.074277 
39.024343 
38.974790 
38.926597 
38.877447 
38.828432 
38.779897 
38.730078 
38.685470 
38.616338 
38.563797 
38.496998 
38.461694 
38.413446 
38.337196 
38.284717 
38.240287 
38.192856 
38.145285 
38.096622 
38.044958 
37.991598 
37.933318 
37.892183 
37.861053 
37.805960 
37.739908 
37.694493 
37.665542 
37.588743 
37.538035 
37.490503 
37.449064 
37.406507 
37.359077 
37.287422 
37.250501 
37.215924 
37.173311 
37.086003 
37.042486 
36.988714 
36.951945 
36.897491 
36.854229 
36.819251 
36.769490 
36.722122 
36.674726 
36.606941 
36.549867 
36.505302 
36.459706 
36.414242 
36.371215 
36.306991 
36.250303 
36.206719 
36.160947 
36.111961 
36.063064 
36.010840 
35.957197 
35.903685 
35.840705 
35.799212 
35.746294 
35.702188 
35.652975 
35.585356 
35.543644 
35.495295 
35.435841 
35.377511 
35.346166 
35.284335 
35.241827 
35.190575 
35.129588 
35.093827 
35.032917 
34.984713 
34.937193 
34.871416 
34.831760 
34.788327 
34.725578 
34.689642 
34.644165 
34.579789 
34.541296 
34.486394 
34.436642 
34.378539 
34.318953 
34.273638 
34.223019 
34.170897 
34.121891 
34.073089 
34.024290 
33.983317 
33.928886 
33.861589 
33.825437 
33.772462 
33.690604 
33.635896 
33.588735 
33.570706 
33.507974 
33.445293 
33.391065 
33.364386 
33.303492 
33.260938 
33.202938 
33.155862 
33.100618 
33.025722 
32.986704 
32.934346 
32.888017 
32.853959 
32.794528 
32.738354 
32.689494 
32.629245 
32.573377 
32.547380 
32.496297 
32.454759 
32.414836 
32.362387 
32.308614 
32.255464 
32.192689 
32.148485 
32.115358 
32.057542 
31.993635 
31.940150 
31.887798 
31.841077 
31.796024 
31.733219 
31.682099 
31.643134 
31.583901 
31.522907 
31.497949 
31.446444 
31.386474 
31.328820 
31.274815 
31.214816 
31.185599 
31.134712 
31.075879 
31.023590 
30.971397 
30.947279 
30.891037 
30.820485 
30.789479 
30.755240 
30.681504 
30.628258 
30.596783 
30.555055 
30.491944 
30.441002 
30.396462 
30.340864 
30.294154 
30.233846 
30.178037 
30.124354 
30.062634 
30.013230 
29.966475 
29.905701 
29.851693 
29.797568 
29.760252 
29.719810 
29.664927 
29.620728 
29.564055 
29.494913 
29.450741 
29.411220 
29.359641 
29.302402 
29.233212 
29.199259 
29.159414 
29.099090 
29.043677 
28.991977 
28.931076 
28.885513 
28.841703 
28.784015 
28.733557 
28.688339 
28.637836 
28.582364 
28.543650 
28.517389 
28.452641 
28.389927 
28.348442 
28.295345 
28.223174 
28.191194 
28.127883 
28.083329 
28.046487 
27.989342 
27.939385 
27.882372 
27.839957 
27.778301 
27.728802 
27.691500 
27.635629 
27.583573 
27.526418 
27.472811 
27.431685 
27.375199 
27.322515 
27.267692 
27.220561 
27.173093 
27.129001 
27.076980 
27.033394 
26.969172 
26.909386 
26.873232 
26.821248 
26.757607 
26.726070 
26.667540 
26.618052 
26.566191 
26.517974 
26.475535 
26.426252 
26.369754 
26.313755 
26.249351 
26.211668 
26.171322 
26.110310 
26.077251 
26.009148 
25.955153 
25.912096 
25.852007 
25.797768 
25.746265 
25.696004 
25.646187 
25.595616 
25.540321 
25.497335 
25.450175 
25.391939 
25.356325 
25.300337 
25.240344 
25.200004 
25.150628 
25.107617 
25.049789 
25.003152 
24.972654 
24.914424 
24.868175 
24.819146 
24.768562 
24.702935 
24.662171 
24.616108 
24.573497 
24.496802 
24.460648 
24.426798 
24.367692 
24.312740 
24.251609 
24.207343 
24.172372 
24.118221 
24.064606 
24.018593 
23.975746 
23.907861 
23.854005 
23.813116 
23.750936 
23.711843 
23.686983 
23.607521 
23.555719 
23.509352 
23.442065 
23.403526 
23.342349 
23.302700 
23.242740 
23.191199 
23.141012 
23.090993 
23.039815 
22.986054 
22.945021 
22.911117 
22.849922 
22.786665 
22.728568 
22.686895 
22.632177 
22.580383 
22.530555 
22.480539 
22.432916 
22.379778 
22.335842 
22.299977 
22.250027 
22.225136 
22.176596 
22.119987 
22.067752 
22.007338 
21.980167 
21.936655 
21.879833 
21.819309 
21.766587 
21.721127 
21.657745 
21.616704 
21.562434 
21.512104 
21.463815 
21.413463 
21.356927 
21.305852 
21.263785 
21.220158 
21.163782 
21.091760 
21.067090 
21.029016 
20.945167 
20.917544 
20.868006 
20.818439 
20.775388 
20.714918 
20.694785 
20.633150 
20.586353 
20.526609 
20.488453 
20.435632 
20.380220 
20.316481 
20.300627 
20.234948 
20.195010 
20.117237 
20.092268 
20.018388 
20.004034 
19.936244 
19.907822 
19.874578 
19.800767 
19.755778 
19.704703 
19.653144 
19.591174 
19.541297 
19.508583 
19.444687 
19.380787 
19.345275 
19.309749 
19.251755 
19.197908 
19.144831 
19.108018 
19.049392 
18.990766 
18.970017 
18.909106 
18.878616 
18.785485 
18.776558 
18.685689 
18.673626 
18.604498 
18.600929 
18.534372 
18.485270 
18.439597 
18.376405 
18.334048 
18.286861 
18.241491 
18.186796 
18.114686 
18.075086 
18.038477 
17.982699 
17.949465 
17.904215 
17.829028 
17.764662 
17.721148 
17.671477 
17.633935 
17.595791 
17.532094 
17.509783 
17.419512 
17.417333 
17.363299 
17.321359 
17.243190 
17.231529 
17.172473 
17.121451 
17.071813 
17.023359 
16.985537 
16.937274 
16.863000 
16.820613 
16.778881 
16.721307 
16.674435 
16.617407 
16.590226 
16.523056 
16.483038 
16.397558 
16.356333 
16.329736 
16.288245 
16.254667 
16.209214 
16.137791 
16.106965 
16.019482 
16.002012 
15.933378 
15.904629 
15.866356 
15.816668 
15.767109 
15.714173 
15.661131 
15.607541 
15.551455 
15.497736 
15.462427 
15.400452 
15.343833 
15.291093 
15.243645 
15.212974 
15.152649 
15.091982 
15.052550 
14.993690 
14.944506 
14.916711 
14.855984 
14.794351 
14.754426 
14.688779 
14.651019 
14.602955 
14.545575 
14.530239 
14.464460 
14.421081 
14.377425 
14.338258 
14.279010 
14.238344 
14.175453 
14.124436 
14.075563 
14.058434 
14.029733 
13.986816 
14.017077 
14.042045 
14.065871 
14.072835 
14.078775 
14.099215 
14.133416 
14.118216 
14.137115 
14.174987 
14.193246 
14.217340 
14.159281 
14.235615 
14.284569 
14.252524 
14.237957 
14.297999 
14.367429 
14.328379 
14.282066 
14.392994 
14.432112 
14.394558 
14.380669 
14.440787 
14.472195 
14.488013 
14.462279 
14.518228 
14.571336 
14.518253 
14.527769 
14.593666 
14.621558 
14.602600 
14.610533 
14.644470 
14.698369 
14.718035 
14.699861 
14.760904 
14.806359 
14.780864 
14.787754 
14.797859 
14.839984 
14.899739 
14.917758 
14.961820 
14.913120 
14.967383 
15.002417 
14.984816 
15.039715 
15.056535 
15.095742 
15.089033 
15.134733 
15.175089 
15.209060 
15.184715 
15.219842 
15.276880 
15.306561 
15.315738 
15.309566 
15.387526 
15.431314 
15.425627 
15.405979 
15.477900 
15.540274 
15.563052 
15.586214 
15.609760 
15.633689 
15.658001 
15.682697 
15.707777 
15.733239 
15.759086 
15.785316 
15.811929 
15.838926 
15.866306 
15.894070 
15.922217 
15.950748 
15.979662 
16.008960 
16.038641 
16.068706 
16.099154 
16.129986 
16.161201 
16.192800 
16.224782 
16.257147 
16.289897 
16.323029 
16.356545 
16.390445 
16.424728 
16.459394 
16.494444 
16.529878 
16.565695 
16.601895 
16.638479 
16.675447 
16.712798 
16.750532 
16.788650 
16.827151 
16.866036 
16.905305 
16.944957 
16.984992 
17.025411 
17.066213 
17.107399 
17.148968 
17.190921 
17.233257 
17.275977 
17.319080 
17.362567 
17.406437 
17.450691 
17.495328 
17.540348 
17.585753 
17.631540 
17.677711 
17.724266 
17.771204 
17.818526 
17.866231 
17.914319 
17.962791 
18.011647 
18.060886 
18.110508 
18.160514 
18.210904 
18.261677 
18.312833 
18.364373 
18.416296 
18.468603 
18.521294 
18.574367 
18.627825 
18.681666 
18.735890 
18.790498 
18.845489 
18.900864 
18.956622 
19.012764 
19.069289 
19.126198 
19.183490 
19.241165 
19.299225 
19.357667 
19.416493 
19.475703 
19.535296 
19.595273 
19.655633 
19.716376 
