55.5653 
55.5161 
55.4666 
55.4181 
55.3663 
55.3064 
55.2585 
55.2087 
55.1593 
55.1097 
55.0601 
55.0105 
54.9603 
54.9122 
54.8514 
54.8014 
54.7403 
54.6997 
54.6441 
54.5897 
54.554 
54.4978 
54.447 
54.3989 
54.3521 
54.2919 
54.2523 
54.1928 
54.1377 
54.092 
54.037 
53.9936 
53.9421 
53.8863 
53.831 
53.7759 
53.7466 
53.6674 
53.6398 
53.5647 
53.5299 
53.4813 
53.4254 
53.3896 
53.3165 
53.2863 
53.2318 
53.1852 
53.1177 
53.0843 
53.0239 
52.9582 
52.9173 
52.8613 
52.8132 
52.7581 
52.6897 
52.6556 
52.5831 
52.5604 
52.4921 
52.4294 
52.3704 
52.3302 
52.3093 
52.2339 
52.2155 
52.1234 
52.0697 
52.0253 
51.9757 
51.9438 
51.8813 
51.8278 
51.7861 
51.735 
51.6664 
51.6241 
51.5791 
51.5192 
51.4703 
51.4209 
51.3641 
51.3146 
51.2793 
51.2205 
51.1808 
51.13 
51.0807 
51.0134 
50.9696 
50.902 
50.8782 
50.8273 
50.7817 
50.7217 
50.6597 
50.622 
50.562 
50.5234 
50.4616 
50.4131 
50.3631 
50.3137 
50.2641 
50.2144 
50.1658 
50.0957 
50.0432 
49.994 
49.9457 
49.9079 
49.858 
49.8076 
49.7476 
49.7098 
49.6598 
49.611 
49.5602 
49.5009 
49.4631 
49.414 
49.3437 
49.293 
49.2345 
49.192 
49.1429 
49.0798 
49.0286 
48.9816 
48.9323 
48.872 
48.8244 
48.7838 
48.7214 
48.6787 
48.621 
48.5813 
48.5287 
48.4709 
48.4233 
48.3838 
48.3205 
48.2703 
48.2216 
48.1759 
48.1297 
48.081 
48.0202 
47.9769 
47.9346 
47.8883 
47.8196 
47.7729 
47.721 
47.6777 
47.6255 
47.5789 
47.5364 
47.4865 
47.4125 
47.364 
47.3307 
47.2773 
47.2302 
47.1825 
47.1095 
47.0626 
47.0203 
46.9785 
46.9199 
46.8475 
46.8091 
46.7477 
46.7367 
46.685 
46.6336 
46.5628 
46.5307 
46.48 
46.4184 
46.3829 
46.3101 
46.2782 
46.2151 
46.1488 
46.0952 
46.0659 
46.0095 
45.9519 
45.9017 
45.8578 
45.8147 
45.7479 
45.6993 
45.662 
45.604 
45.5478 
45.5016 
45.4567 
45.4138 
45.366 
45.2974 
45.2533 
45.2008 
45.1511 
45.0969 
45.0421 
44.9945 
44.9442 
44.8931 
44.8436 
44.7942 
44.7447 
44.6993 
44.6471 
44.5884 
44.5452 
44.4939 
44.428 
44.3758 
44.3158 
44.2817 
44.2254 
44.1806 
44.1289 
44.0792 
44.0237 
43.9889 
43.9353 
43.8755 
43.8227 
43.7718 
43.7277 
43.6651 
43.6165 
43.5859 
43.5317 
43.467 
43.4291 
43.3625 
43.321 
43.2717 
43.232 
43.187 
43.1302 
43.0902 
43.0386 
42.9872 
42.9199 
42.8609 
42.8304 
42.7775 
42.7087 
42.6685 
42.6067 
42.5579 
42.5106 
42.4543 
42.404 
42.3596 
42.3052 
42.2499 
42.2125 
42.1617 
42.1068 
42.053 
42.001 
41.9461 
41.9065 
41.856 
41.8016 
41.7505 
41.6994 
41.6624 
41.6094 
41.5491 
41.5086 
41.4666 
41.4048 
41.3533 
41.3127 
41.2413 
41.2103 
41.1601 
41.1127 
41.0608 
41.0003 
40.9567 
40.893 
40.8514 
40.7973 
40.7361 
40.6871 
40.632 
40.58 
40.5279 
40.4843 
40.4392 
40.3866 
40.3401 
40.276 
40.2402 
40.1797 
40.1249 
40.0729 
40.02 
39.9595 
39.9295 
39.8746 
39.8185 
39.7655 
39.7258 
39.6716 
39.6235 
39.5776 
39.5129 
39.4616 
39.4146 
39.3644 
39.3119 
39.2673 
39.205 
39.1609 
39.1154 
39.0593 
39.018 
38.9478 
38.905 
38.8496 
38.8253 
38.7807 
38.7066 
38.6652 
38.603 
38.5553 
38.4989 
38.4615 
38.4074 
38.3636 
38.3155 
38.2499 
38.2074 
38.165 
38.0997 
38.0578 
38.0083 
37.9488 
37.8989 
37.8526 
37.8006 
37.7657 
37.6995 
37.6429 
37.6004 
37.5494 
37.4928 
37.4521 
37.398 
37.3484 
37.2975 
37.2486 
37.2024 
37.153 
37.0995 
37.048 
36.9788 
36.9446 
36.902 
36.8457 
36.806 
36.7347 
36.6934 
36.6385 
36.5811 
36.53 
36.4793 
36.4295 
36.3799 
36.3297 
36.2773 
36.231 
36.1826 
36.1287 
36.0861 
36.0332 
35.9784 
35.9334 
35.8839 
35.8373 
35.7835 
35.7353 
35.6953 
35.641 
35.5943 
35.5341 
35.4818 
35.4249 
35.3795 
35.3318 
35.2857 
35.2227 
35.1798 
35.1382 
35.0839 
35.0317 
34.9764 
34.9294 
34.8871 
34.8353 
34.7838 
34.7359 
34.6896 
34.6309 
34.5792 
34.5341 
34.4779 
34.4349 
34.3616 
34.3201 
34.2703 
34.2222 
34.164 
34.1201 
34.0649 
34.0206 
33.966 
33.9157 
33.8661 
33.8164 
33.7662 
33.7145 
33.6691 
33.6019 
33.5715 
33.5165 
33.4513 
33.4052 
33.367 
33.2999 
33.2187 
33.164 
33.1293 
33.0712 
33.0231 
32.9818 
32.9347 
32.9125 
32.8474 
32.7866 
32.741 
32.6887 
32.6198 
32.5794 
32.5498 
32.4887 
32.4321 
32.379 
32.3429 
32.2935 
32.2381 
32.1882 
32.1286 
32.0797 
32.0202 
31.9837 
31.9144 
31.8617 
31.8036 
31.7714 
31.741 
31.665 
31.6216 
31.5563 
31.5025 
31.4448 
31.401 
31.3381 
31.3004 
31.2471 
31.2002 
31.1473 
31.1102 
31.0715 
31.0096 
30.937 
30.9076 
30.8497 
30.8108 
30.7809 
30.7143 
30.6573 
30.6273 
30.5702 
30.5319 
30.4624 
30.4335 
30.3861 
30.3279 
30.2819 
30.2215 
30.1737 
30.1303 
30.0645 
30.0129 
29.9677 
29.9305 
29.8782 
29.8242 
29.7725 
29.7312 
29.6683 
29.6116 
29.5792 
29.5257 
29.4868 
29.4186 
29.3808 
29.3076 
29.2786 
29.2194 
29.1676 
29.1098 
29.0605 
29.0129 
28.9566 
28.9107 
28.862 
28.8167 
28.7552 
28.6905 
28.6723 
28.6039 
28.5521 
28.5363 
28.4892 
28.4267 
28.3697 
28.3239 
28.2745 
28.2057 
28.1624 
28.1056 
28.0721 
28.0179 
27.9905 
27.9301 
27.8915 
27.8283 
27.7843 
27.7286 
27.6809 
27.6323 
27.5843 
27.541 
27.4656 
27.4273 
27.4025 
27.3355 
27.2912 
27.2402 
27.1787 
27.1169 
27.0943 
27.0614 
26.9678 
26.9234 
26.8894 
26.8474 
26.7814 
26.7228 
26.6941 
26.6359 
26.5964 
26.544 
26.5134 
26.4722 
26.3837 
26.3571 
26.2852 
26.2412 
26.1898 
26.1648 
26.1131 
26.0778 
26.0062 
25.9783 
25.9272 
25.8527 
25.8074 
25.7345 
25.7269 
25.6494 
25.5813 
25.5274 
25.5038 
25.4383 
25.3811 
25.349 
25.2976 
25.244 
25.1732 
25.1271 
25.0738 
25.0578 
25.0041 
24.9327 
24.9066 
24.8579 
24.7871 
24.7613 
24.7086 
24.6321 
24.6026 
24.5507 
24.5058 
24.4602 
24.4262 
24.3803 
24.3214 
24.2776 
24.2492 
24.267 
24.2868 
24.2725 
24.2627 
24.2797 
24.2895 
24.2725 
24.2391 
24.2546 
24.2538 
24.2117 
24.1799 
24.1855 
24.1959 
24.1558 
24.1055 
24.1273 
24.1288 
24.0835 
24.0356 
24.0383 
24.0305 
24.0294 
23.9851 
23.9818 
23.9812 
23.9413 
23.9156 
23.9273 
23.9122 
23.8792 
23.8556 
23.8351 
23.8425 
23.8262 
23.7939 
23.8074 
23.8004 
23.7596 
23.7386 
23.7136 
23.7067 
23.7236 
23.707 
23.7083 
23.664 
23.6649 
23.6555 
23.6201 
23.6162 
23.6025 
23.6056 
23.5733 
23.5642 
23.5576 
23.5484 
23.5129 
23.5079 
23.505 
23.4943 
23.4794 
23.4467 
23.4552 
23.4646 
23.436 
23.3962 
23.4034 
23.4075 
23.3889 
23.3859 
23.3722 
23.3548 
23.3408 
23.327 
23.3275 
23.3121 
23.2898 
23.2874 
23.2836 
23.2602 
23.2473 
23.2454 
23.2386 
23.2213 
23.2103 
23.2027 
23.1898 
23.1814 
23.1665 
23.154 
23.1428 
23.1277 
23.119 
23.1118 
23.0978 
23.0874 
23.0771 
23.0753 
23.0723 
23.0622 
23.0576 
23.047 
23.0303 
23.0263 
23.0248 
23.0175 
23.0076 
22.9919 
22.994 
22.9933 
22.9826 
22.9745 
22.9685 
22.958 
22.9555 
22.954 
22.9457 
22.9413 
22.9396 
22.9355 
22.9292 
22.9314 
22.94 
22.9295 
22.9203 
22.9219 
22.9178 
22.9045 
22.9114 
22.9028 
22.9038 
22.9088 
22.9039 
22.9028 
22.8983 
22.9014 
22.895 
22.8948 
22.901 
22.8981 
22.8972 
22.894 
22.8928 
22.898 
22.8957 
22.8956 
22.8945 
22.8975 
22.9005 
22.9053 
22.9064 
22.9119 
22.9073 
22.9051 
22.9149 
22.917 
22.9134 
22.9261 
22.9255 
22.9296 
22.9327 
22.9378 
22.946 
22.951 
22.9525 
22.9545 
22.9525 
19.7498 
16.5457 
18.8084 
19.6451 
16.9526 
17.4663 
19.4386 
18.1663 
17.3163 
18.5575 
18.8307 
18.6635 
18.8216 
18.7269 
18.816 
19.0622 
19.0655 
19.0643 
19.2262 
19.339 
19.4169 
19.5137 
19.5968 
19.6828 
19.791 
19.8905 
19.9717 
20.074 
20.1733 
20.2694 
20.3612 
20.4647 
20.5672 
20.6737 
20.763 
20.8734 
20.9874 
21.0894 
21.1942 
21.2972 
21.4097 
21.528 
21.6376 
21.749 
21.8655 
21.9853 
22.0938 
22.2099 
22.3338 
22.4484 
22.5758 
22.7112 
22.8222 
22.949 
23.079 
23.1994 
23.3352 
23.462 
23.6009 
23.7314 
23.8671 
24.0045 
24.1443 
24.2858 
24.4269 
24.5756 
24.7307 
24.8735 
25.0171 
25.1649 
25.3227 
25.4764 
25.6323 
25.7904 
25.9509 
26.1144 
26.2769 
26.4463 
26.6219 
26.7933 
26.9793 
27.1554 
27.3298 
27.5079 
27.685 
27.8806 
28.0703 
28.2562 
28.4418 
28.634 
28.8338 
29.0269 
29.2331 
29.4362 
29.643 
29.8535 
30.0667 
30.2785 
30.4958 
30.7415 
30.9917 
31.1864 
31.3877 
31.6455 
31.9165 
32.1217 
32.3635 
32.6162 
32.8909 
33.1498 
33.3676 
33.6481 
33.923 
34.2073 
34.4509 
34.7357 
35.0141 
35.319 
35.5719 
35.8732 
36.1775 
36.4472 
36.7499 
37.0706 
37.3892 
37.7346 
38.0351 
38.3525 
38.6673 
39.0039 
39.3653 
39.6883 
40.0384 
40.4152 
40.7832 
41.136 
41.458 
41.8219 
42.25 
42.642 
42.9746 
43.3954 
43.8364 
44.2207 
44.6117 
45.0168 
45.4696 
45.8913 
46.2953 
46.7168 
47.2495 
47.6299 
48.055 
48.5531 
49.0774 
49.5115 
49.9618 
50.4658 
50.9913 
51.4683 
51.9764 
52.4684 
53.0008 
53.5631 
54.1027 
54.6678 
55.2361 
55.7664 
56.3152 
56.9236 
57.4731 
58.0069 
58.5456 
59.1242 
59.7624 
60.3839 
60.9296 
61.4873 
62.2265 
62.9566 
63.6612 
64.2071 
64.7697 
65.4218 
66.1272 
66.6949 
67.3631 
68.2096 
69.0185 
69.7628 
70.3464 
70.993 
71.8846 
72.7542 
73.401 
74.0813 
74.9497 
75.945 
76.7449 
77.2461 
77.9103 
78.9927 
80.1871 
81.104 
81.7108 
82.3461 
83.4641 
84.8043 
85.5904 
85.7912 
87.0651 
