55.5653 
55.506 
55.4539 
55.4049 
55.3551 
55.3055 
55.2557 
55.2062 
55.1566 
55.107 
55.0574 
55.0078 
54.9583 
54.9086 
54.8591 
54.8096 
54.76 
54.7104 
54.6609 
54.6113 
54.5624 
54.5104 
54.4519 
54.4142 
54.3415 
54.2911 
54.2414 
54.1941 
54.1542 
54.0924 
54.0444 
53.9946 
53.9452 
53.8959 
53.8465 
53.7968 
53.7474 
53.6977 
53.6479 
53.5984 
53.548 
53.5003 
53.4374 
53.3781 
53.3288 
53.2869 
53.2318 
53.1759 
53.1291 
53.0755 
53.0339 
52.9734 
52.9295 
52.8786 
52.8262 
52.7715 
52.7363 
52.6787 
52.6363 
52.5921 
52.5389 
52.4743 
52.4277 
52.3517 
52.3212 
52.2649 
52.2128 
52.1613 
52.0917 
52.0532 
51.9866 
51.9615 
51.9014 
51.8469 
51.7918 
51.7454 
51.7024 
51.6464 
51.5934 
51.5315 
51.4784 
51.4202 
51.3743 
51.3277 
51.2749 
51.2264 
51.1679 
51.1319 
51.0881 
51.0259 
50.9655 
50.9152 
50.8808 
50.829 
50.7743 
50.708 
50.6541 
50.6093 
50.5615 
50.5133 
50.4642 
50.4121 
50.369 
50.3075 
50.2516 
50.2167 
50.1514 
50.1151 
50.051 
49.993 
49.9482 
49.896 
49.8516 
49.8033 
49.7514 
49.7013 
49.6536 
49.595 
49.5426 
49.4956 
49.4476 
49.3992 
49.3525 
49.2942 
49.2414 
49.1934 
49.1438 
49.0943 
49.0449 
48.9951 
48.9454 
48.8957 
48.8461 
48.7961 
48.7487 
48.6896 
48.6362 
48.5874 
48.538 
48.4887 
48.4285 
48.3906 
48.3287 
48.2799 
48.2419 
48.1804 
48.12 
48.0708 
48.0213 
47.9852 
47.9138 
47.8633 
47.8158 
47.7619 
47.7241 
47.6495 
47.6098 
47.5509 
47.5028 
47.4654 
47.4157 
47.3534 
47.3022 
47.2596 
47.2139 
47.162 
47.1099 
47.0633 
47.0155 
46.9647 
46.9018 
46.8629 
46.8142 
46.7685 
46.7108 
46.6622 
46.6013 
46.5581 
46.5156 
46.4693 
46.4007 
46.3539 
46.302 
46.2586 
46.2064 
46.1597 
46.1173 
46.0674 
46.0187 
45.9699 
45.9111 
45.8576 
45.8104 
45.7512 
45.7034 
45.657 
45.6114 
45.5585 
45.5004 
45.4524 
45.4144 
45.3654 
45.303 
45.2509 
45.2107 
45.1547 
45.0975 
45.0457 
45.01 
44.961 
44.8905 
44.8562 
44.7956 
44.7522 
44.6868 
44.657 
44.6018 
44.5438 
44.5043 
44.4492 
44.4064 
44.3401 
44.279 
44.2414 
44.1845 
44.1278 
44.0926 
44.0256 
43.9822 
43.9347 
43.8776 
43.8335 
43.7813 
43.7315 
43.6776 
43.623 
43.5753 
43.5251 
43.474 
43.4245 
43.3752 
43.3258 
43.2803 
43.2281 
43.1695 
43.1264 
43.0751 
43.0092 
42.9568 
42.9083 
42.8743 
42.818 
42.7618 
42.7098 
42.6715 
42.6161 
42.5701 
42.516 
42.4683 
42.4036 
42.3526 
42.2973 
42.2564 
42.21 
42.1564 
42.1011 
42.0483 
41.9988 
41.9437 
41.8908 
41.853 
41.8023 
41.7571 
41.7014 
41.6484 
41.6087 
41.547 
41.4894 
41.443 
41.4005 
41.3586 
41.2917 
41.239 
41.1876 
41.1503 
41.1041 
41.0474 
40.9979 
40.9425 
40.8868 
40.8319 
40.7944 
40.744 
40.6887 
40.6363 
40.5719 
40.5278 
40.4778 
40.4377 
40.3741 
40.3212 
40.2713 
40.2318 
40.203 
40.1221 
40.0902 
40.0394 
39.9761 
39.9239 
39.8955 
39.8391 
39.7918 
39.7442 
39.6849 
39.6414 
39.5963 
39.529 
39.4856 
39.4367 
39.3698 
39.3189 
39.2714 
39.2149 
39.1748 
39.1137 
39.0683 
39.0237 
38.9713 
38.9243 
38.8711 
38.8117 
38.7647 
38.72 
38.6694 
38.6159 
38.5565 
38.5143 
38.4709 
38.4036 
38.3606 
38.3123 
38.2561 
38.2102 
38.151 
38.1078 
38.0492 
37.9993 
37.95 
37.8973 
37.8533 
37.8154 
37.7582 
37.7021 
37.6566 
37.6052 
37.5444 
37.5035 
37.447 
37.3999 
37.3566 
37.3032 
37.2532 
37.1998 
37.1537 
37.0982 
37.0482 
37.006 
36.9423 
36.8894 
36.8366 
36.7848 
36.7396 
36.6866 
36.6355 
36.5834 
36.5351 
36.4866 
36.4398 
36.389 
36.3424 
36.2855 
36.2309 
36.1881 
36.1373 
36.0805 
36.04 
35.986 
35.9366 
35.8855 
35.838 
35.7813 
35.7295 
35.6773 
35.6244 
35.5676 
35.5242 
35.4794 
35.4244 
35.3833 
35.3247 
35.2732 
35.2269 
35.1723 
35.1203 
35.0697 
35.0199 
34.9696 
34.921 
34.8572 
34.8104 
34.7506 
34.7057 
34.657 
34.5993 
34.5584 
34.5067 
34.456 
34.4111 
34.3601 
34.3015 
34.2709 
34.2093 
34.1667 
34.1201 
34.065 
34.0136 
33.9665 
33.9126 
33.861 
33.7924 
33.7444 
33.6986 
33.6407 
33.5885 
33.5225 
33.4766 
33.4279 
33.3899 
33.3403 
33.2864 
33.2351 
33.1795 
33.1345 
33.0825 
33.0245 
32.9789 
32.9374 
32.8648 
32.8166 
32.7608 
32.6995 
32.6578 
32.6036 
32.5608 
32.5129 
32.4493 
32.39 
32.3497 
32.3027 
32.2507 
32.2113 
32.1524 
32.0931 
32.0415 
31.9895 
31.9455 
31.8941 
31.8408 
31.7984 
31.7485 
31.692 
31.6452 
31.5938 
31.5531 
31.501 
31.4548 
31.4108 
31.355 
31.3095 
31.256 
31.2154 
31.1684 
31.1171 
31.0532 
30.9994 
30.9547 
30.9 
30.8559 
30.8071 
30.7486 
30.6966 
30.6485 
30.5956 
30.5455 
30.5 
30.4534 
30.4005 
30.3397 
30.3028 
30.2585 
30.194 
30.146 
30.0926 
30.044 
29.9978 
29.9437 
29.909 
29.8537 
29.8053 
29.7507 
29.7075 
29.6565 
29.6043 
29.5482 
29.5154 
29.4602 
29.4057 
29.3405 
29.2946 
29.24 
29.2087 
29.1367 
29.0963 
29.0574 
28.9968 
28.9505 
28.9007 
28.8491 
28.7914 
28.7373 
28.7004 
28.6529 
28.5934 
28.5426 
28.5021 
28.4586 
28.3933 
28.3414 
28.2993 
28.2492 
28.1986 
28.1645 
28.0983 
28.0646 
28.0007 
27.9749 
27.8858 
27.8581 
27.7966 
27.7764 
27.7159 
27.6697 
27.6294 
27.5729 
27.5281 
27.4808 
27.4242 
27.3683 
27.31 
27.2674 
27.2264 
27.177 
27.1282 
27.0773 
27.0179 
26.9628 
26.9166 
26.8673 
26.8224 
26.7765 
26.7179 
26.6752 
26.6094 
26.5818 
26.5327 
26.4872 
26.4143 
26.3876 
26.3339 
26.2786 
26.2247 
26.1848 
26.1349 
26.0896 
26.0268 
25.9751 
25.9364 
25.8771 
25.8296 
25.7773 
25.7308 
25.6774 
25.6357 
25.5616 
25.523 
25.487 
25.434 
25.398 
25.3478 
25.2872 
25.2428 
25.1692 
25.1378 
25.0782 
25.0378 
24.9941 
24.9449 
24.8957 
24.8487 
24.795 
24.7346 
24.6884 
24.6351 
24.5765 
24.5182 
24.4663 
24.4309 
24.3758 
24.3291 
24.2719 
24.2282 
24.178 
24.1273 
24.0737 
24.0363 
23.9783 
23.91 
23.8706 
23.8116 
23.7695 
23.7285 
23.6701 
23.6343 
23.577 
23.5252 
23.4754 
23.4428 
23.3877 
23.3466 
23.2951 
23.2434 
23.1921 
23.1569 
23.1112 
23.0677 
23.0662 
23.0498 
23.0298 
23.0065 
22.9833 
22.9701 
22.9647 
22.9257 
22.9096 
22.9091 
22.8886 
22.8701 
22.8286 
22.841 
22.8355 
22.7907 
22.7564 
22.7564 
22.7765 
22.7315 
22.679 
22.7083 
22.7018 
22.6709 
22.6359 
22.6306 
22.6308 
22.6216 
22.5719 
22.5732 
22.5841 
22.5367 
22.5099 
22.5173 
22.509 
22.4717 
22.4523 
22.4392 
22.4382 
22.4212 
22.3812 
22.3871 
22.3864 
22.3433 
22.3197 
22.2977 
22.3001 
22.3098 
22.2913 
22.2913 
22.2386 
22.2311 
22.2266 
22.198 
22.1997 
22.1795 
22.1645 
22.1441 
22.1471 
22.1371 
22.1264 
22.0883 
22.0755 
22.0812 
22.0741 
22.0499 
22.0216 
22.0379 
22.0346 
22.004 
21.9748 
21.9976 
21.9965 
21.9765 
21.9673 
21.9526 
21.9284 
21.9246 
21.9053 
21.8956 
21.8899 
21.8742 
21.8624 
21.8472 
21.8394 
21.8223 
21.8114 
21.8069 
21.7932 
21.7816 
21.7677 
21.7557 
21.7502 
21.7372 
21.7263 
21.7144 
21.7067 
21.6989 
21.6931 
21.6834 
21.6782 
21.6629 
21.6499 
21.649 
21.6403 
21.626 
21.628 
21.6166 
21.61 
21.6023 
21.5967 
21.5942 
21.5884 
21.5792 
21.5705 
21.5577 
21.5585 
21.5581 
21.5477 
21.5513 
21.5377 
21.5313 
21.5305 
21.5215 
21.5155 
21.5111 
21.5075 
21.5044 
21.501 
21.4955 
21.4963 
21.4953 
21.4888 
21.4939 
21.489 
21.4823 
21.4856 
21.4846 
21.4869 
21.4821 
21.483 
21.4922 
21.4877 
21.4893 
21.4898 
21.4897 
21.4823 
21.4875 
21.4902 
21.4949 
21.4827 
21.491 
21.5006 
21.4978 
21.4972 
21.4937 
21.4989 
21.5089 
21.5095 
21.5106 
21.5157 
21.5225 
21.517 
21.5187 
21.5271 
21.5251 
21.5348 
21.5517 
21.5416 
21.5455 
21.5523 
21.5488 
18.3458 
15.1312 
17.4046 
18.2278 
16.2016 
15.8584 
16.899 
17.4433 
16.8662 
16.6407 
17.0713 
17.3972 
17.2716 
17.1825 
17.3789 
17.5861 
17.6163 
17.6207 
17.7362 
17.8843 
17.9608 
18.0155 
18.1167 
18.2339 
18.3396 
18.4166 
18.5042 
18.6087 
18.7028 
18.8042 
18.902 
19.0015 
19.0989 
19.1958 
19.2976 
19.3954 
19.5058 
19.6084 
19.7136 
19.8221 
19.9313 
20.0378 
20.1485 
20.2645 
20.3801 
20.4912 
20.5963 
20.7265 
20.8502 
20.952 
21.0837 
21.2063 
21.3315 
21.4625 
21.5821 
21.7203 
21.8445 
21.9806 
22.1077 
22.2437 
22.3767 
22.513 
22.645 
22.7996 
22.932 
23.0819 
23.2139 
23.3714 
23.5064 
23.6749 
23.8186 
23.9822 
24.1441 
24.2888 
24.4505 
24.6101 
24.7707 
24.928 
25.0951 
25.2733 
25.4357 
25.5998 
25.7827 
25.9681 
26.1427 
26.3211 
26.5032 
26.6965 
26.8802 
27.0656 
27.274 
27.4655 
27.6738 
27.8526 
28.0762 
28.2626 
28.4924 
28.6947 
28.9298 
29.1583 
29.395 
29.5667 
29.7666 
30.0673 
30.3525 
30.5005 
30.6786 
30.9929 
31.3342 
31.5161 
31.6326 
31.9703 
32.3887 
32.6 
32.657 
32.946 
33.4253 
33.7616 
33.7991 
33.9863 
34.5422 
34.9298 
35.0371 
35.1293 
35.6497 
36.2242 
36.3703 
36.3007 
36.722 
37.5659 
37.9211 
37.5938 
37.7435 
38.8715 
39.6724 
39.1276 
38.6368 
39.9291 
41.7002 
41.2494 
39.4609 
40.4161 
43.8514 
44.3819 
40.612 
39.5393 
45.356 
49.6078 
43.4548 
36.2607 
44.001 
58.3186 
52.0074 
29.585 
32.6309 
70.8158 
80.957 
25.2835 
-4.81069 
71.6525 
55.8322 
106.579 
106.487 
106.502 
106.426 
106.438 
106.348 
106.386 
106.296 
106.31 
106.222 
106.233 
106.174 
106.231 
106.153 
106.203 
106.152 
106.207 
106.152 
106.214 
106.149 
106.219 
106.152 
