55.5653 
55.5044 
55.4658 
55.403 
55.3883 
55.3053 
55.2653 
55.2064 
55.1552 
55.1046 
55.0676 
55.006 
54.9543 
54.9082 
54.8458 
54.8065 
54.7709 
54.7085 
54.667 
54.6099 
54.561 
54.5089 
54.4604 
54.4081 
54.36 
54.313 
54.2595 
54.1994 
54.1499 
54.1 
54.0503 
54.0004 
53.9505 
53.9006 
53.8511 
53.8005 
53.7392 
53.6908 
53.6525 
53.5796 
53.5508 
53.4912 
53.4413 
53.3931 
53.3311 
53.2919 
53.2334 
53.1812 
53.1323 
53.0825 
53.0329 
52.9832 
52.9334 
52.8836 
52.834 
52.7842 
52.7344 
52.6845 
52.6347 
52.5849 
52.5351 
52.4853 
52.4353 
52.3855 
52.3356 
52.286 
52.2359 
52.1875 
52.1269 
52.0752 
52.0261 
51.9763 
51.9262 
51.8658 
51.8277 
51.766 
51.7173 
51.6787 
51.617 
51.5563 
51.5066 
51.4572 
51.4187 
51.3571 
51.308 
51.269 
51.208 
51.1696 
51.1085 
51.0699 
51.0098 
50.9499 
50.9092 
50.8598 
50.7985 
50.7494 
50.7113 
50.6615 
50.6007 
50.5515 
50.5135 
50.4639 
50.4028 
50.3537 
50.3154 
50.2655 
50.2158 
50.1541 
50.1058 
50.0446 
49.9946 
49.9332 
49.8923 
49.8365 
49.7818 
49.7459 
49.6894 
49.6383 
49.5899 
49.5428 
49.4827 
49.4422 
49.3846 
49.3403 
49.2932 
49.2385 
49.1834 
49.1318 
49.0759 
49.0322 
48.9773 
48.9111 
48.8571 
48.8153 
48.766 
48.6942 
48.6453 
48.6006 
48.5651 
48.5059 
48.4496 
48.4062 
48.36 
48.3053 
48.2603 
48.1969 
48.1573 
48.0919 
48.045 
47.9984 
47.9289 
47.8875 
47.8404 
47.792 
47.7331 
47.6782 
47.6265 
47.5683 
47.5161 
47.4812 
47.4205 
47.3761 
47.3095 
47.2558 
47.211 
47.1633 
47.1153 
47.0664 
47.0141 
46.9716 
46.9218 
46.8641 
46.8189 
46.7645 
46.7167 
46.6647 
46.6058 
46.5612 
46.5087 
46.4644 
46.4162 
46.3641 
46.314 
46.2662 
46.2076 
46.1553 
46.1085 
46.0604 
46.0119 
45.9655 
45.9071 
45.8551 
45.795 
45.7569 
45.6966 
45.6574 
45.6093 
45.548 
45.4977 
45.4483 
45.3981 
45.3505 
45.2914 
45.2379 
45.1889 
45.1399 
45.0802 
45.0288 
44.9915 
44.9314 
44.8804 
44.832 
44.7816 
44.7441 
44.6848 
44.6339 
44.5864 
44.538 
44.488 
44.4293 
44.3877 
44.3276 
44.2634 
44.2128 
44.1656 
44.1172 
44.0681 
44.0202 
43.957 
43.9162 
43.8517 
43.8164 
43.7667 
43.7124 
43.6555 
43.6054 
43.5903 
43.5062 
43.4645 
43.4071 
43.3599 
43.313 
43.2766 
43.2053 
43.1711 
43.1317 
43.0733 
43.014 
42.9705 
42.9064 
42.8725 
42.8232 
42.7656 
42.7219 
42.6729 
42.6231 
42.5864 
42.5184 
42.4631 
42.4165 
42.3687 
42.3211 
42.2747 
42.2177 
42.1645 
42.1178 
42.0701 
42.0207 
41.9714 
41.9201 
41.8698 
41.8059 
41.7591 
41.7159 
41.6637 
41.6185 
41.5566 
41.5085 
41.4542 
41.4028 
41.349 
41.2949 
41.2546 
41.1989 
41.1528 
41.1024 
41.0472 
41.0045 
40.9492 
40.9003 
40.8517 
40.7939 
40.7492 
40.7027 
40.6463 
40.6035 
40.5558 
40.4989 
40.4545 
40.4034 
40.3428 
40.2868 
40.2329 
40.1852 
40.1352 
40.0844 
40.0352 
39.9861 
39.937 
39.8917 
39.8397 
39.7813 
39.7384 
39.6872 
39.6215 
39.5694 
39.521 
39.4871 
39.431 
39.3749 
39.3231 
39.2846 
39.2308 
39.174 
39.1178 
39.0703 
39.0179 
38.9558 
38.9117 
38.8609 
38.8132 
38.7716 
38.7174 
38.6648 
38.6156 
38.5609 
38.5081 
38.4703 
38.42 
38.3739 
38.3306 
38.2682 
38.2161 
38.1532 
38.106 
38.053 
38.0068 
37.967 
37.9035 
37.8507 
37.8012 
37.7558 
37.698 
37.6512 
37.5931 
37.5542 
37.5025 
37.4422 
37.4111 
37.3587 
37.2978 
37.2387 
37.1814 
37.1215 
37.078 
37.0242 
36.9701 
36.9085 
36.8586 
36.8154 
36.7763 
36.7182 
36.6718 
36.6248 
36.5663 
36.5217 
36.4743 
36.4265 
36.369 
36.3144 
36.2592 
36.2092 
36.1532 
36.0954 
36.045 
35.9946 
35.9408 
35.8981 
35.8369 
35.7723 
35.7301 
35.6816 
35.6378 
35.5987 
35.5293 
35.4785 
35.4302 
35.3727 
35.3275 
35.2836 
35.2304 
35.1843 
35.1248 
35.0752 
35.035 
34.9754 
34.9249 
34.872 
34.8077 
34.7653 
34.7159 
34.6676 
34.6191 
34.5695 
34.519 
34.4684 
34.4154 
34.3748 
34.3205 
34.2661 
34.2218 
34.1735 
34.1041 
34.0603 
34.0057 
33.9588 
33.9159 
33.8628 
33.813 
33.7598 
33.7138 
33.6584 
33.6084 
33.5672 
33.505 
33.4504 
33.398 
33.3465 
33.3021 
33.2492 
33.1984 
33.146 
33.0977 
33.0498 
33.0032 
32.9527 
32.9066 
32.8496 
32.7974 
32.7448 
32.6925 
32.6273 
32.5939 
32.5405 
32.4776 
32.4255 
32.3791 
32.3342 
32.2858 
32.2332 
32.1794 
32.1205 
32.0725 
32.0318 
31.9857 
31.9416 
31.8745 
31.8248 
31.7888 
31.7204 
31.6679 
31.6184 
31.5725 
31.5263 
31.4773 
31.4139 
31.3739 
31.333 
31.2826 
31.2212 
31.1714 
31.1145 
31.076 
31.0241 
30.9809 
30.9345 
30.8863 
30.8474 
30.7946 
30.7376 
30.6845 
30.6369 
30.5813 
30.5382 
30.4937 
30.4402 
30.3736 
30.3337 
30.2939 
30.2398 
30.1879 
30.1312 
30.0823 
30.038 
29.9795 
29.9319 
29.8824 
29.839 
29.7804 
29.7197 
29.6784 
29.6231 
29.5738 
29.5322 
29.4768 
29.42 
29.3756 
29.3163 
29.2666 
29.2181 
29.1678 
29.1137 
29.0642 
29.0062 
28.9614 
28.9141 
28.8558 
28.8173 
28.7776 
28.7149 
28.664 
28.6075 
28.5618 
28.5054 
28.4497 
28.4021 
28.3518 
28.3019 
28.2508 
28.2045 
28.1621 
28.1167 
28.077 
28.0191 
27.9727 
27.9201 
27.849 
27.808 
27.7627 
27.7253 
27.6636 
27.6059 
27.5561 
27.5111 
27.4601 
27.4117 
27.3575 
27.3098 
27.257 
27.1913 
27.1463 
27.0991 
27.0541 
27.0089 
26.9431 
26.9027 
26.8593 
26.7872 
26.7455 
26.7077 
26.6574 
26.6151 
26.5649 
26.5286 
26.4709 
26.4209 
26.3596 
26.3185 
26.2755 
26.2189 
26.1551 
26.1204 
26.0614 
26.018 
25.9566 
25.9127 
25.8502 
25.8236 
25.7601 
25.7154 
25.6863 
25.6236 
25.5711 
25.5168 
25.464 
25.403 
25.3634 
25.3216 
25.2603 
25.2022 
25.1583 
25.1285 
25.0714 
25.0092 
24.9672 
24.9316 
24.8654 
24.8095 
24.7834 
24.7321 
24.6853 
24.6132 
24.5865 
24.5133 
24.4839 
24.4192 
24.3895 
24.3294 
24.274 
24.2264 
24.1714 
24.1199 
24.0693 
24.0195 
23.9735 
23.9172 
23.87 
23.8296 
23.7734 
23.7222 
23.6775 
23.6201 
23.5622 
23.5118 
23.4523 
23.4166 
23.3776 
23.3156 
23.2767 
23.2057 
23.1742 
23.1244 
23.0815 
23.0136 
22.9825 
22.9304 
22.8796 
22.8271 
22.7835 
22.7515 
22.695 
22.6265 
22.5845 
22.5371 
22.4722 
22.4328 
22.3726 
22.3368 
22.2848 
22.2362 
22.1685 
22.1194 
22.0848 
22.0333 
21.9917 
21.9504 
21.8867 
21.8453 
21.773 
21.7374 
21.6825 
21.6399 
21.5944 
21.5422 
21.4938 
21.4436 
21.3951 
21.3423 
21.2924 
21.2335 
21.1859 
21.1368 
21.0825 
21.0243 
20.9849 
20.9403 
20.8854 
20.8291 
20.7853 
20.7346 
20.6854 
20.6432 
20.5849 
20.5219 
20.483 
20.4301 
20.3807 
20.3401 
20.2774 
20.2427 
20.1883 
20.1365 
20.0876 
20.0423 
19.9875 
19.9423 
19.8855 
19.8324 
19.7864 
19.7543 
19.7108 
19.6716 
19.6587 
19.6412 
19.6329 
19.6117 
19.5932 
19.5745 
19.5683 
19.5454 
19.5258 
19.5216 
19.5062 
19.493 
19.4311 
19.4489 
19.4503 
19.413 
19.3674 
19.3793 
19.3971 
19.348 
19.2974 
19.3223 
19.3197 
19.2835 
19.2494 
19.2527 
19.2454 
19.2319 
19.1851 
19.1861 
19.1922 
19.1346 
19.1198 
19.1403 
19.1145 
19.0792 
19.0599 
19.0433 
19.0509 
19.0302 
19.0013 
19.0018 
18.9988 
18.9609 
18.9394 
18.9188 
18.913 
18.9224 
18.9144 
18.9059 
18.8499 
18.848 
18.8447 
18.8085 
18.81 
18.7935 
18.7881 
18.761 
18.7573 
18.7555 
18.7545 
18.7174 
18.7225 
18.7267 
18.7133 
18.6917 
18.6585 
18.6838 
18.684 
18.6527 
18.6126 
18.6222 
18.6307 
18.6104 
18.6015 
18.5861 
18.5729 
18.5609 
18.5481 
18.5324 
18.5195 
18.5114 
18.5027 
18.4879 
18.4653 
18.4667 
18.4615 
18.4337 
18.4341 
18.4238 
18.4137 
18.407 
18.3918 
18.397 
18.3816 
18.3738 
18.3597 
18.3566 
18.3464 
18.3351 
18.3198 
18.3286 
18.3127 
18.3099 
18.2883 
18.2934 
18.2741 
18.2849 
18.2691 
18.2732 
18.275 
18.2568 
18.2532 
18.2467 
18.2401 
18.2286 
18.2233 
18.2268 
18.2148 
18.2031 
18.2057 
18.2086 
18.2004 
18.1944 
18.189 
18.192 
18.1842 
18.1767 
18.1882 
18.1799 
18.187 
18.1629 
18.1812 
18.1586 
18.1757 
18.1644 
18.1861 
18.1764 
18.1758 
18.177 
18.1696 
18.1728 
18.1739 
18.176 
18.1737 
18.1628 
18.1684 
18.1757 
18.1735 
18.1829 
18.1864 
18.1752 
18.1695 
18.1745 
18.1766 
18.1849 
18.1931 
18.1888 
18.2053 
18.1881 
18.215 
18.2163 
18.2238 
18.2133 
18.2363 
18.2358 
18.2396 
18.2442 
18.2495 
18.2604 
18.2663 
18.2593 
15.0559 
12.3086 
14.3897 
14.5486 
12.3693 
13.2133 
14.6255 
13.376 
12.9549 
14.367 
14.2105 
13.3124 
14.0951 
14.6763 
13.9307 
14.0109 
14.7878 
14.562 
14.1947 
14.7981 
15.0384 
14.6238 
14.8373 
15.3139 
15.1113 
15.0053 
15.4556 
15.5522 
15.3328 
15.5783 
15.8912 
15.7444 
15.7666 
16.1416 
16.1856 
16.0662 
16.3316 
16.5618 
16.462 
16.5613 
16.8732 
16.8976 
16.8549 
17.1171 
17.3178 
17.242 
17.3689 
17.6861 
17.6958 
17.6883 
17.979 
18.1601 
18.0877 
18.2581 
18.5573 
18.5598 
18.5666 
18.904 
19.0851 
19.0069 
19.2482 
19.6221 
19.6349 
19.6701 
20.08 
20.2907 
20.204 
20.4667 
20.9077 
20.873 
20.8827 
21.4164 
21.6075 
21.421 
21.7785 
22.3487 
22.1681 
22.0926 
22.8865 
23.1449 
22.6024 
23.0941 
24.0704 
23.6112 
23.1876 
24.5166 
25.0067 
23.7398 
24.3046 
26.2718 
25.2568 
23.8271 
26.4534 
27.7233 
24.347 
24.8953 
29.8302 
27.4898 
22.6076 
28.8443 
33.4654 
23.4443 
22.3249 
37.9823 
33.2452 
13.9179 
30.781 
52.41 
19.3173 
3.88545 
60.7737 
58.6643 
-17.176 
26.667 
122.297 
103.685 
